Q 240 36

S 1 128 128 128 128 128 128 128 128 128 128 128 128 128 128 128 128  
S 1 128 128 128 128 128 128 128 128 128 128 128 128 128 128 128 128  
S 1 128 128 128 128 128 128 128 128 128 128 128 128 128 128 128 128  
S 1 64 64 64 64 64 64 64 64 64 64 64 64 64 64 64 64  
S 1 64 64 64 64 64 64 64 64 64 64 64 64 64 64 64 64  
S 1 64 64 64 64 64 64 64 64 64 64 64 64 64 64 64 64  
S 3 32 32 32 32 32 32 32 32 32 32 32 32 32 32 32 32  
S 3 32 32 32 32 32 32 32 32 32 32 32 32 32 32 32 32  
S 3 32 32 32 32 32 32 32 32 32 32 32 32 32 32 32 32  
S 3 16 16 16 16 16 16 16 16 16 16 16 16 16 16 16 16  
S 2 16 16 16 16 16 16 16 16 16 16 16 16 16 16 16 16  
S 2 16 16 16 16 16 16 16 16 16 16 16 16 16 16 16 16  
S 2 8 8 8 8 8 8 8 8 8 8 8 8 8 8 8 8  
S 2 8 8 8 8 8 8 8 8 8 8 8 8 8 8 8 8  
S 2 8 8 8 8 8 8 8 8 8 8 8 8 8 8 8 8  
S 2 4 4 4 4 4 4 4 4 4 4 4 4 4 4 4 4  
S 2 4 4 4 4 4 4 4 4 4 4 4 4 4 4 4 4  
S 2 4 4 4 4 4 4 4 4 4 4 4 4 4 4 4 4  
S 1 2 2 2 2 2 2 2 2 2 2 2 2 2 2 2 2  
S 1 2 2 2 2 2 2 2 2 2 2 2 2 2 2 2 2  
S 1 2 2 2 2 2 2 2 2 2 2 2 2 2 2 2 2  
S 1 1 1 1 1 1 1 1 1 1 1 1 1 1 1 1 1  
S 1 1 1 1 1 1 1 1 1 1 1 1 1 1 1 1 1  
S 1 1 1 1 1 1 1 1 1 1 1 1 1 1 1 1 1  
S 1 128 128 128 128 128 128 128 128 128 128 128 128 128 128 128 128  
S 2 128 128 128 128 128 128 128 128 128 128 128 128 128 128 128 128  
S 2 128 128 128 128 128 128 128 128 128 128 128 128 128 128 128 128  
S 2 64 64 64 64 64 64 64 64 64 64 64 64 64 64 64 64  
S 2 64 64 64 64 64 64 64 64 64 64 64 64 64 64 64 64  
S 1 64 64 64 64 64 64 64 64 64 64 64 64 64 64 64 64  
S 1 32 32 32 32 32 32 32 32 32 32 32 32 32 32 32 32  
S 1 32 32 32 32 32 32 32 32 32 32 32 32 32 32 32 32  
S 1 32 32 32 32 32 32 32 32 32 32 32 32 32 32 32 32  
S 1 16 16 16 16 16 16 16 16 16 16 16 16 16 16 16 16  
S 1 16 16 16 16 16 16 16 16 16 16 16 16 16 16 16 16  
S 1 16 16 16 16 16 16 16 16 16 16 16 16 16 16 16 16  

Q 241 20

S 1 128 128 128 128 128 128 128 128 128 128 128 128 128 128 128 128  
S 1 128 128 128 128 128 128 128 128 128 128 128 128 128 128 128 128  
S 1 128 128 128 128 128 128 128 128 128 128 128 128 128 128 128 128  
S 1 64 64 64 64 64 64 64 64 64 64 64 64 64 64 64 64  
S 1 64 64 64 64 64 64 64 64 64 64 64 64 64 64 64 64  
S 1 64 64 64 64 64 64 64 64 64 64 64 64 64 64 64 64  
S 3 32 32 32 32 32 32 32 32 32 32 32 32 32 32 32 32  
S 3 32 32 32 32 32 32 32 32 32 32 32 32 32 32 32 32  
S 3 32 32 32 32 32 32 32 32 32 32 32 32 32 32 32 32  
S 3 16 16 16 16 16 16 16 16 16 16 16 16 16 16 16 16  
S 2 16 16 16 16 16 16 16 16 16 16 16 16 16 16 16 16  
S 2 16 16 16 16 16 16 16 16 16 16 16 16 16 16 16 16  
S 2 8 8 8 8 8 8 8 8 8 8 8 8 8 8 8 8  
S 2 8 8 8 8 8 8 8 8 8 8 8 8 8 8 8 8  
S 2 8 8 8 8 8 8 8 8 8 8 8 8 8 8 8 8  
S 2 4 4 4 4 4 4 4 4 4 4 4 4 4 4 4 4  
S 2 4 4 4 4 4 4 4 4 4 4 4 4 4 4 4 4  
S 2 4 4 4 4 4 4 4 4 4 4 4 4 4 4 4 4  
S 1 2 2 2 2 2 2 2 2 2 2 2 2 2 2 2 2  
S 1 2 2 2 2 2 2 2 2 2 2 2 2 2 2 2 2  

Q 242 5

S 1 0 255 0 255 0 255 0 255 0 255 0 255 0 255 0 255  
S 1 255 0 255 0 255 0 255 0 255 0 255 0 255 0 255 0
S 1 128 128 128 128 128 128 128 128 128 128 128 128 128 128 128 128
S 1 0 0 0 0 0 0 0 0 0 0 0 0 0 0 0 0
S 1 255 255 255 255 255 255 255 255 255 255 255 255 255 255 255 255

Q 243 8

S 1 0 64 64 0 128 64 192 128 255 192 192 255 128 192 64 128
S 1 64 128 0 64 64 0 128 64 192 128 255 192 192 255 128 192
S 1 128 192 64 128 0 64 64 0 128 64 192 128 255 192 192 255
S 1 192 255 128 192 64 128 0 64 64 0 128 64 192 128 255 192
S 1 255 192 192 255 128 192 64 128 0 64 64 0 128 64 192 128
S 1 192 128 255 192 192 255 128 192 64 128 0 64 64 0 128 64
S 1 128 64 192 128 255 192 192 255 128 192 64 128 0 64 64 0
S 1 64 0 128 64 192 128 255 192 192 255 128 192 64 128 0 64

Q 244 2

S 1 128 128 128 128 128 128 128 128 128 128 128 128 128 128 128 128  
S 1 128 128 128 128 128 128 128 128 128 128 128 128 128 128 128 128  

Q 245 2

S 1 128 128 128 128 128 128 128 128 128 128 128 128 128 128 128 128  
S 1 128 128 128 128 128 128 128 128 128 128 128 128 128 128 128 128  

Q 246 2

S 1 128 128 128 128 128 128 128 128 128 128 128 128 128 128 128 128  
S 1 128 128 128 128 128 128 128 128 128 128 128 128 128 128 128 128  

Q 247 2

S 1 128 128 128 128 128 128 128 128 128 128 128 128 128 128 128 128  
S 1 128 128 128 128 128 128 128 128 128 128 128 128 128 128 128 128  

Q 248 2

S 1 128 128 128 128 128 128 128 128 128 128 128 128 128 128 128 128  
S 1 128 128 128 128 128 128 128 128 128 128 128 128 128 128 128 128  

Q 249 2

S 1 128 128 128 128 128 128 128 128 128 128 128 128 128 128 128 128  
S 1 128 128 128 128 128 128 128 128 128 128 128 128 128 128 128 128  

Q 250 2

S 1 128 128 128 128 128 128 128 128 128 128 128 128 128 128 128 128  
S 1 128 128 128 128 128 128 128 128 128 128 128 128 128 128 128 128  

Q 251 2

S 1 128 128 128 128 128 128 128 128 128 128 128 128 128 128 128 128  
S 1 128 128 128 128 128 128 128 128 128 128 128 128 128 128 128 128  

Q 252 2

S 1 128 128 128 128 128 128 128 128 128 128 128 128 128 128 128 128  
S 1 128 128 128 128 128 128 128 128 128 128 128 128 128 128 128 128  

Q 253 2

S 1 128 128 128 128 128 128 128 128 128 128 128 128 128 128 128 128  
S 1 128 128 128 128 128 128 128 128 128 128 128 128 128 128 128 128  

Q 254 2

S 1 128 128 128 128 128 128 128 128 128 128 128 128 128 128 128 128  
S 1 128 128 128 128 128 128 128 128 128 128 128 128 128 128 128 128  

Q 255 2

S 1 128 128 128 128 128 128 128 128 128 128 128 128 128 128 128 128  
S 1 128 128 128 128 128 128 128 128 128 128 128 128 128 128 128 128  

